237 248 237 246 237 244 240 243 243 240 244 237 246 237 248 237
248 245 248 246 248 247 243 205 205 247 247 248 246 248 245 248
237 248 237 246 228  82  84  78  82  90 134 226 246 237 248 237
246 246 246 200  90  79  73  78  94  78  87  88 206 246 246 246
238 248 228  98  92  72  73  69  62  81  86  92 100 225 248 238
244 247  94  83  80  75  67  68  69  78  89 100 104 113 247 244
240 243  88  85 106  73  69  64  64  85  80  85  89  91 248 240
242 144  88  93  73  75  59  63  80  76  82  71  79  87 239 242
242 154  76  75  75  63  62  48  50  68  73  94  79  82 240 242
240 245  76  59  62  47  44  68  44  53  77  80  69  81 248 240
244 247  72  59  28  48  43  51  51  47  59  65  66 132 247 244
238 248 220  61  36  48  50  48  60  48  51  50  63 222 248 238
246 246 245 192  49  47  49  46  46  51  57  60 198 246 246 246
237 248 237 246 223  62  54  50  55  79  61 223 246 237 248 237
248 245 248 246 248 246 247 138 162 247 246 248 246 248 245 248
237 248 237 246 237 244 240 243 243 240 244 237 246 237 248 237
237 248 237 246 237 244 240 243 243 240 244 237 246 237 248 237
248 245 248 246 248 246 249 210 211 248 246 248 246 248 245 248
237 248 237 246 225  95  88  96  97 106 142 224 246 237 248 237
246 246 246 206 102  95  86  89 106  93 103 103 210 246 246 246
238 248 225 107  92  80  90  81  64  84 101 107 114 226 248 238
244 247 103  97  96  91  77  75  86  96 106 113 111 126 247 244
240 244 100  98 108  82  74  81  78  92  97 101 105 105 248 240
242 150  95 102  87  84  66  76  98  89  91  84  94 105 240 242
242 155  85  89  90  72  79  60  66  85  88 104  89 100 242 242
240 244  89  74  80  57  62  80  58  71  95  98  78  94 248 240
244 247  85  74  39  67  62  69  63  66  77  83  84 135 247 244
238 248 224  76  33  65  68  64  60  64  69  66  81 224 248 238
246 246 246 195  55  60  64  59  55  65  71  74 201 246 246 246
237 248 237 246 223  70  64  61  63  81  68 224 246 237 248 237
248 245 248 246 248 246 247 139 162 247 246 248 246 248 245 248
237 248 237 246 237 244 240 243 243 240 244 237 246 237 248 237
237 248 237 246 237 244 240 243 243 240 244 237 246 237 248 237
248 245 248 246 248 246 244 230 232 246 246 248 246 248 245 248
237 248 237 246 235 177 127 193 193 180 172 237 246 237 248 237
246 246 246 233 192 189 154 169 179 192 203 199 236 246 246 246
238 248 233 178  99 127 187 159  94 109 188 206 209 235 248 238
244 245 185 188 189 183 119 118 174 195 203 197 165 199 247 244
240 252 189 179 131 138  98 177 146 118 190 196 202 203 248 240
242 195 159 163 176 151  94 152 195 178 151 161 192 198 246 242
242 185 157 178 179 129 169 126 152 182 174 169 153 193 245 242
240 252 174 160 168 101 155 153 129 166 190 193 140 177 248 240
244 246 165 160  75 153 150 159 115 156 167 177 170 182 247 244
238 248 227 153  37 148 151 149  88 148 157 155 166 231 248 238
246 246 246 220  88 135 138 136 120 130 150 148 224 246 246 246
237 248 237 246 225 126 127 125 131  93 125 230 246 237 248 237
248 245 248 246 248 246 248 161 179 247 246 248 246 248 245 248
237 248 237 246 237 244 240 243 243 240 244 237 246 237 248 237

237 248 237 246 238 244 240 242 242 240 244 238 246 237 248 237
248 245 248 246 248 247 248 239 240 248 247 248 246 248 245 248
237 248 237 246 225 113  91  87  82  81 132 222 246 237 248 237
246 246 246 206 100 104  89  79  79  69  66  63 198 246 246 246
237 248 226  88  92 100  85  71  94  80  65  50  60 223 248 237
244 247 134  87  86  89  80  82  73  77  59  51  57  61 246 244
240 247  90  78  81  78  85  76  68  53  47  48  51  79 247 240
243 205  82  94  62  69  64  80  50  44  51  60  46  55 162 243
243 205  78  78  69  68  64  63  48  68  51  48  46  50 138 243
240 243  84  73  73  67  69  59  62  44  43  50  49  54 247 240
244 247  82  79  72  75  73  75  63  47  48  48  47  62 246 244
237 248 228  90  92  80 106  73  75  62  28  36  49 223 248 237
246 246 246 200  98  83  85  93  75  59  59  61 192 246 246 246
237 248 237 246 228  94  88  88  76  76  72 220 245 237 248 237
248 245 248 246 248 247 243 144 154 245 247 248 246 248 245 248
237 248 237 246 238 244 240 242 242 240 244 238 246 237 248 237
237 248 237 246 238 244 240 242 242 240 244 238 246 237 248 237
248 245 248 246 248 247 248 240 242 248 247 248 246 248 245 248
237 248 237 246 226 126 105 105 100  94 135 224 246 237 248 237
246 246 246 210 114 111 105  94  89  78  84  81 201 246 246 246
237 248 224 103 107 113 101  84 104  98  83  66  74 224 248 237
244 246 142 103 101 106  97  91  88  95  77  69  71  68 246 244
240 248 106  93  84  96  92  89  85  71  66  64  65  81 247 240
243 211  97 106  64  86  78  98  66  58  63  60  55  63 162 243
243 210  96  89  81  75  81  76  60  80  69  64  59  61 139 243
240 249  88  86  90  77  74  66  79  62  62  68  64  64 247 240
244 246  95  95  80  91  82  84  72  57  67  65  60  70 246 244
237 248 225 102  92  96 108  87  90  80  39  33  55 223 248 237
246 246 246 206 107  97  98 102  89  74  74  76 195 246 246 246
237 248 237 246 225 103 100  95  85  89  85 224 246 237 248 237
248 245 248 246 248 247 244 150 155 244 247 248 246 248 245 248
237 248 237 246 238 244 240 242 242 240 244 238 246 237 248 237
237 248 237 246 238 244 240 242 242 240 244 238 246 237 248 237
248 245 248 246 248 247 248 246 245 248 247 248 246 248 245 248
237 248 237 246 235 199 203 198 193 177 182 231 246 237 248 237
246 246 246 236 209 165 202 192 153 140 170 166 224 246 246 246
237 248 237 199 206 197 196 161 169 193 177 155 148 230 248 237
244 246 172 203 188 203 190 151 174 190 167 157 150 125 246 244
240 246 180 192 109 195 118 178 182 166 156 148 130  93 247 240
243 232 193 179  94 174 146 195 152 129 115  88 120 131 179 243
243 230 193 169 159 118 177 152 126 153 159 149 136 125 161 243
240 244 127 154 187 119  98  94 169 155 150 151 138 127 248 240
244 246 177 189 127 183 138 151 129 101 153 148 135 126 246 244
237 248 235 192  99 189 131 176 179 168  75  37  88 225 248 237
246 246 246 233 178 188 179 163 178 160 160 153 220 246 246 246
237 248 237 246 233 185 189 159 157 174 165 227 246 237 248 237
248 245 248 246 248 245 252 195 185 252 246 248 246 248 245 248
237 248 237 246 238 244 240 242 242 240 244 238 246 237 248 237

240 250 239 248 238 245 239 243 242 240 245 238 247 239 249 240
250 242 251 243 251 242 228 182 179 208 239 250 243 251 242 250
239 251 237 246 203  99  74  53  50  51  86 205 243 237 250 238
248 243 246 171  63  52  49  51  46  45  46  67 161 246 243 248
238 251 211  70  54  49  48  52  45  45  43  38  58 197 250 237
245 243 129  65  59  54  52  48  48  47  50  41  59  93 237 245
239 224  78  74  65  61  56  51  51  50  56  57  66  74 210 239
243 205  82  78  82  70  63  57  55  59  67  69  72  79 191 243
242 207  88  83  80  83  77  62  58  61  72  77  88  85 188 242
240 226  94  89  85  80  79  73  66  66  78  91  83  84 213 240
245 245 140  98  93  85  77  70  68  66  73  77  82 115 240 245
238 250 214 101  93  91  84  74  73  73  79  84 101 217 250 238
247 243 245 187  95  84  79  77  75  76  78  87 183 246 244 248
239 251 237 247 218 137  86  78  78  91 118 212 246 236 250 238
249 242 250 243 250 243 223 200 201 228 244 250 244 250 242 250
240 250 238 248 237 245 239 243 242 240 245 238 248 238 250 240
240 250 239 248 238 245 239 243 242 240 245 238 247 239 249 240
250 242 251 243 251 241 228 185 181 209 240 250 243 251 242 250
239 251 237 246 206 107  76  63  61  62  94 207 244 237 250 238
248 243 246 177  76  67  60  62  60  60  60  73 166 246 243 248
238 251 214  84  72  67  65  57  62  61  60  41  71 200 250 237
245 243 134  82  77  72  70  61  65  65  67  51  75 104 238 245
239 226  92  84  82  79  74  64  66  68  66  72  80  87 213 239
243 209  98  90  92  85  80  73  66  76  77  84  86  89 193 243
242 211 104  99  94  91  92  80  72  69  84  91  97  94 192 242
240 229 108 105 101  96  88  85  83  73  88  97  95  97 215 240
245 245 147 107 106 100  95  86  74  75  88  93  96 124 241 245
238 250 217 114 106 102  93  80  86  90  89  87 107 218 250 238
247 243 246 193 109 101  93  88  86  88  93 101 188 247 244 248
239 251 237 247 220 145  96  95  95  98 130 215 246 236 250 238
249 242 250 243 250 244 226 205 205 229 243 250 244 250 242 250
240 250 238 248 237 245 239 243 242 240 245 238 248 238 250 240
240 250 239 248 238 245 239 243 242 240 245 238 247 239 249 240
250 242 251 243 250 243 230 201 198 219 241 250 243 251 242 250
239 251 237 247 217 155  98 129 124 123 144 214 245 237 250 238
248 243 247 208 150 146 122 122 135 134 134 105 194 247 243 248
238 251 225 165 160 154 149  90 145 144 144  67 149 216 250 237
245 244 175 166 170 163 161 117 153 153 148 102 160 172 242 245
239 238 174 145 178 173 169 134 142 161 115 155 167 171 229 239
243 227 192 160 151 172 177 158 128 164 139 173 175 161 212 243
242 232 198 195 178 145 180 177 152 106 155 181 158 157 219 242
240 240 202 201 197 191 135 149 173 113 149 143 172 184 232 240
245 245 195 166 177 190 193 172 118 127 175 187 186 192 243 245
238 250 231 199 191 179 147 118 163 183 148 118 157 227 250 238
247 243 247 229 202 201 180 152 156 165 189 185 217 247 244 248
239 251 237 248 231 190 161 190 190 140 194 228 247 236 250 238
249 242 250 243 250 245 239 229 229 236 245 250 244 250 242 250
240 250 238 248 237 245 239 243 242 240 245 238 248 238 250 240

240 250 239 248 238 246 240 243 243 240 246 238 248 239 250 240
250 242 251 244 251 238 209 189 185 211 240 251 244 251 242 250
239 251 237 245 194  93  74  79  86  85 113 213 246 237 251 239
248 244 245 162  60  59  66  72  88  84  82  99 179 246 244 248
238 251 209  67  38  41  57  69  77  92  78  84  85 207 251 238
246 239  87  46  44  50  57  68  72  78  73  79  78 116 243 246
240 210  52  45  45  47  51  59  61  67  66  73  76  91 227 240
243 182  50  47  46  49  52  56  58  66  68  73  76  78 199 243
243 186  53  52  53  48  51  58  63  74  71  74  78  79 199 243
240 229  75  50  49  52  57  64  78  79  78  85  80  87 223 240
246 243 103  52  49  54  61  70  83  81  85  92  85 138 244 246
238 251 210  66  54  59  66  82  81  85  93  94  96 215 251 238
248 244 247 178  73  66  74  79  84  90  98 100 187 247 244 248
239 251 237 247 217 134  79  82  88  94 140 217 247 237 251 239
250 242 251 244 251 244 226 207 209 227 245 251 244 251 242 250
240 250 239 248 238 246 240 243 243 240 246 238 248 239 250 240
240 250 239 248 238 246 240 243 243 240 246 238 248 239 250 240
250 242 251 244 251 239 213 191 189 214 240 251 244 251 242 250
239 251 237 245 198 104  87  90  95  98 122 214 247 237 251 239
248 244 246 166  73  75  80  86  97  96  96 105 184 246 244 248
238 251 210  73  41  50  72  84  91  98  94  87 100 211 251 238
246 240  94  60  60  67  67  78  84  88  88  89  94 127 243 246
240 211  63  60  62  66  69  76  69  73  76  91  89  98 228 240
243 184  61  61  62  66  66  67  72  83  75  86  87  95 204 243
243 188  64  63  57  61  65  74  81  86  87  81  89  95 204 243
240 229  77  61  65  70  75  81  92  88  95  93  94  97 226 240
246 243 111  68  67  72  79  86  92  97 101 103 102 146 245 246
238 251 212  79  72  77  83  93  94 101 106 106 111 218 251 238
248 244 247 183  87  82  84  91 100 105 107 114 194 247 244 248
239 251 237 247 219 139  93  98 105 108 148 220 247 237 251 239
250 242 251 244 251 244 228 211 212 230 245 251 244 251 242 250
240 250 239 248 238 246 240 243 243 240 246 238 248 239 250 240
240 250 239 248 238 246 240 243 243 240 246 238 248 239 250 240
250 242 251 244 251 243 229 212 218 231 243 251 244 251 242 250
239 251 237 246 216 172 172 163 156 185 192 225 247 237 251 239
248 244 246 195 150 160 167 175 161 171 187 155 215 248 244 248
238 251 216 104  66  99 154 173 181 141 187 115 185 227 251 238
246 241 144 134 144 149 119 140 153 149 175 148 189 193 245 246
240 220 123 134 145 153 161 165 108 110 128 184 166 139 236 240
243 200 124 136 145 153 140 130 151 175 121 162 155 190 228 243
243 204 129 123  89 115 137 160 178 149 172 118 151 190 229 243
240 231  99 122 149 161 169 177 178 135 194 146 183 161 239 240
246 244 157 146 154 164 174 173 147 192 190 179 201 193 246 246
238 250 221 152 160 170 178 152 177 197 178 192 203 232 251 238
248 244 248 212 167 167 145 161 196 202 168 199 230 248 244 248
239 251 237 247 229 178 176 192 198 202 197 232 248 237 251 239
250 242 251 244 251 245 238 229 232 241 245 251 244 251 242 250
240 250 239 248 238 246 240 243 243 240 246 238 248 239 250 240
